1)
2
0,1,2;3,4
3;5,6
1,2

2)
3
1,2,3;4
5;6,7
4;8
1,2,3

3)
2
0,1,2;3,4
3;5,6
3,4

4)
2
0,1,2;3,4
3;5,6
5,6

5)
2
0,1,2;3,4
3;5,6
1

6)
2
0,1,2;3,4
3;5,6
0,1,2,3

7)
3
1,2,3;4
5;6,7
4;8
5

8)
3
1,2,3;4
5;6,7
4;8
4

9)
3
1,2,3;4
5;6,7
4;8
4,5

10)
3
1,2,3;4
5;6,7
4;8
1,5

11)
3
1,2,3;4
5;6,7
4;8
1,3,5

12)
3
1,2,3;4
5;6,7
4;8
1,2,6,8

13)
3
1,2,3;4
5;6,7
4;8
4,5,6,7

14)
3
1,2,3;4
5;6,7
4;8
1,2,3,6,7,8

15)
8
6;5
10;9
5;4
9;8
4;3
8;7
3;2
7;1
10

16)
8
6;5
10;9
5;4
9;8
4;3
8;7
3;2
7;1
7,1

17)
8
6;5
10;9
5;4
9;8
4;3
8;7
3;2
7;1
8,3

18)
8
6;5
10;9
5;4
9;8
4;3
8;7
3;2
7;1
9,3

19)
8
6;5
10;9
5;4
9;8
4;3
8;7
3;2
7;1
5,4

20)
8
6;5
10;9
5;4
9;8
4;3
8;7
3;2
7;1
10,6

21)
8
6;5
10;9
5;4
9;8
4;3
8;7
3;2
7;1
10,9,8,3,2

22)
8
6;5
10;9
5;4
9;8
4;3
8;7
3;2
7;1
6,9

23)
8
6;5
10;9
5;4
9;8,11
4,11;3
8;7
3;2
7;1
11,7

24)
8
6;5
10;9
5;4
9;8,11
4,11;3
8;7
3;2
7;1
11,6,10,5

25)
8
6;5
10;9
5;4
9;8,11
4,11;3
8;7
3;2
7;1
11,5

26)
8
6;5
10;9
5;4
9;8,11
4,11;3
8;7
3;2
7;1
11,1

27)
8
6;5
10;9
5;4
9;8,11
4,11;3
8;7
3;2
7;1
1,2,3,4,5,6,7

28)
8
6;5
10;9
5;4
9;8,11
4,11;3
8;7
3;2
7;1
1,2,3,4,5,6,7,8,9,10,11

29)
8
6;5
10;9
5;4
9;8,11
4,11;3
8;7
3;2
7;1
1,2,3,4,5,6

30)
4
0,9;1,5
4,8;9,10
6,7;3,8
5,10;2,6
1,2

31)
4
0,9;1,5
4,8;9,10
6,7;3,8
5,10;2,6
5,6,7,8

32)
4
0,9;1,5
4,8;9,10
6,7;3,8
5,10;2,6
1,2,3

33)
4
0,9;1,5
4,8;9,10
6,7;3,8
5,10;2,6
1,2,3,5

34)
4
0,9;1,5
4,8;9,10
6,7;3,8
5,10;2,6
5,9,8,6

35)
100
0;2
1;3
2;4
3;5
4;6
5;7
6;8
7;9
8;10
9;11
10;12
11;13
12;14
13;15
14;16
15;17
16;18
17;19
18;20
19;21
20;22
21;23
22;24
23;25
24;26
25;27
26;28
27;29
28;30
29;31
30;32
31;33
32;34
33;35
34;36
35;37
36;38
37;39
38;40
39;41
40;42
41;43
42;44
43;45
44;46
45;47
46;48
47;49
48;50
49;51
50;52
51;53
52;54
53;55
54;56
55;57
56;58
57;59
58;60
59;61
60;62
61;63
62;64
63;65
64;66
65;67
66;68
67;69
68;70
69;71
70;72
71;73
72;74
73;75
74;76
75;77
76;78
77;79
78;80
79;81
80;82
81;83
82;84
83;85
84;86
85;87
86;88
87;89
88;90
89;91
90;92
91;93
92;94
93;95
94;96
95;97
96;98
97;99
98;100
99;101
18

36)
100
0;2
1;3
2;4
3;5
4;6
5;7
6;8
7;9
8;10
9;11
10;12
11;13
12;14
13;15
14;16
15;17
16;18
17;19
18;20
19;21
20;22
21;23
22;24
23;25
24;26
25;27
26;28
27;29
28;30
29;31
30;32
31;33
32;34
33;35
34;36
35;37
36;38
37;39
38;40
39;41
40;42
41;43
42;44
43;45
44;46
45;47
46;48
47;49
48;50
49;51
50;52
51;53
52;54
53;55
54;56
55;57
56;58
57;59
58;60
59;61
60;62
61;63
62;64
63;65
64;66
65;67
66;68
67;69
68;70
69;71
70;72
71;73
72;74
73;75
74;76
75;77
76;78
77;79
78;80
79;81
80;82
81;83
82;84
83;85
84;86
85;87
86;88
87;89
88;90
89;91
90;92
91;93
92;94
93;95
94;96
95;97
96;98
97;99
98;100
99;101
55

37)
100
0;2
1;3
2;4
3;5
4;6
5;7
6;8
7;9
8;10
9;11
10;12
11;13
12;14
13;15
14;16
15;17
16;18
17;19
18;20
19;21
20;22
21;23
22;24
23;25
24;26
25;27
26;28
27;29
28;30
29;31
30;32
31;33
32;34
33;35
34;36
35;37
36;38
37;39
38;40
39;41
40;42
41;43
42;44
43;45
44;46
45;47
46;48
47;49
48;50
49;51
50;52
51;53
52;54
53;55
54;56
55;57
56;58
57;59
58;60
59;61
60;62
61;63
62;64
63;65
64;66
65;67
66;68
67;69
68;70
69;71
70;72
71;73
72;74
73;75
74;76
75;77
76;78
77;79
78;80
79;81
80;82
81;83
82;84
83;85
84;86
85;87
86;88
87;89
88;90
89;91
90;92
91;93
92;94
93;95
94;96
95;97
96;98
97;99
98;100
99;101
23,77

38)
100
0;2
1;3
2;4
3;5
4;6
5;7
6;8
7;9
8;10
9;11
10;12
11;13
12;14
13;15
14;16
15;17
16;18
17;19
18;20
19;21
20;22
21;23
22;24
23;25
24;26
25;27
26;28
27;29
28;30
29;31
30;32
31;33
32;34
33;35
34;36
35;37
36;38
37;39
38;40
39;41
40;42
41;43
42;44
43;45
44;46
45;47
46;48
47;49
48;50
49;51
50;52
51;53
52;54
53;55
54;56
55;57
56;58
57;59
58;60
59;61
60;62
61;63
62;64
63;65
64;66
65;67
66;68
67;69
68;70
69;71
70;72
71;73
72;74
73;75
74;76
75;77
76;78
77;79
78;80
79;81
80;82
81;83
82;84
83;85
84;86
85;87
86;88
87;89
88;90
89;91
90;92
91;93
92;94
93;95
94;96
95;97
96;98
97;99
98;100
99;101
0,1,2,3,4,5,6,7

39)
100
0;2
1;3
2;4
3;5
4;6
5;7
6;8
7;9
8;10
9;11
10;12
11;13
12;14
13;15
14;16
15;17
16;18
17;19
18;20
19;21
20;22
21;23
22;24
23;25
24;26
25;27
26;28
27;29
28;30
29;31
30;32
31;33
32;34
33;35
34;36
35;37
36;38
37;39
38;40
39;41
40;42
41;43
42;44
43;45
44;46
45;47
46;48
47;49
48;50
49;51
50;52
51;53
52;54
53;55
54;56
55;57
56;58
57;59
58;60
59;61
60;62
61;63
62;64
63;65
64;66
65;67
66;68
67;69
68;70
69;71
70;72
71;73
72;74
73;75
74;76
75;77
76;78
77;79
78;80
79;81
80;82
81;83
82;84
83;85
84;86
85;87
86;88
87;89
88;90
89;91
90;92
91;93
92;94
93;95
94;96
95;97
96;98
97;99
98;100
99;101
0,99

40)
100
0;2
1;3
2;4
3;5
4;6
5;7
6;8
7;9
8;10
9;11
10;12
11;13
12;14
13;15
14;16
15;17
16;18
17;19
18;20
19;21
20;22
21;23
22;24
23;25
24;26
25;27
26;28
27;29
28;30
29;31
30;32
31;33
32;34
33;35
34;36
35;37
36;38
37;39
38;40
39;41
40;42
41;43
42;44
43;45
44;46
45;47
46;48
47;49
48;50
49;51
50;52
51;53
52;54
53;55
54;56
55;57
56;58
57;59
58;60
59;61
60;62
61;63
62;64
63;65
64;66
65;67
66;68
67;69
68;70
69;71
70;72
71;73
72;74
73;75
74;76
75;77
76;78
77;79
78;80
79;81
80;82
81;83
82;84
83;85
84;86
85;87
86;88
87;89
88;90
89;91
90;92
91;93
92;94
93;95
94;96
95;97
96;98
97;99
98;100
99;101
77,22,44,88
